0 0.16843750000000002 0.5404895000000001 0.024375000000000008 0.026365000000000083
0 0.20937499999999998 0.5367230000000001 0.0062500000000000056 0.015065999999999915
0 0.235625 0.539548 0.020000000000000018 0.01695000000000002
0 0.2565625 0.5475515000000001 0.019374999999999976 0.01789099999999999
0 0.28500000000000003 0.53484 0.013749999999999984 0.01883199999999996
0 0.3103125 0.5367230000000001 0.021874999999999978 0.015065999999999915
0 0.3459375 0.5579095000000001 0.020625000000000004 0.042373000000000105
0 0.3778125 0.5710925 0.023125000000000007 0.042372999999999994
0 0.411875 0.570151 0.013749999999999984 0.04425599999999996
0 0.5009375 0.58145 0.018125000000000002 0.03483999999999998
0 0.5828125 0.851695 0.07187500000000002 0.09321999999999997
0 0.6915625000000001 0.574388 0.02312499999999995 0.04896400000000001
0 0.775625 0.9147835 0.08374999999999999 0.11958500000000005
0 0.8034375 0.574388 0.02312499999999995 0.03578199999999998
